OK everything is done now!
-------------------------------------------
Training time: 0.0 hour 10.0 min 20 sec 454 msec
Best Policy:
     PkgProb  TruckPkgQuantiles  WarehousePkgQuantiles  NumVisits   Policy
0       0.05                  0                      0      50105     Wait
1       0.05                  0                      1          0        ?
2       0.05                  0                      2          0        ?
3       0.05                  0                      3          0        ?
4       0.05                  0                      4          0        ?
5       0.05                  0                      5          0        ?
6       0.05                  1                      0      14202  Deliver
7       0.05                  1                      1          0        ?
8       0.05                  1                      2          0        ?
9       0.05                  1                      3          0        ?
10      0.05                  1                      4          0        ?
11      0.05                  1                      5          0        ?
12      0.05                  2                      0         11  Deliver
13      0.05                  2                      1          0        ?
14      0.05                  2                      2          0        ?
15      0.05                  2                      3          0        ?
16      0.05                  2                      4          0        ?
17      0.05                  2                      5          0        ?
18      0.05                  3                      0          0        ?
19      0.05                  3                      1          0        ?
20      0.05                  3                      2          0        ?
21      0.05                  3                      3          0        ?
22      0.05                  3                      4          0        ?
23      0.05                  3                      5          0        ?
24      0.05                  4                      0          0        ?
25      0.05                  4                      1          0        ?
26      0.05                  4                      2          0        ?
27      0.05                  4                      3          0        ?
28      0.05                  4                      4          0        ?
29      0.05                  4                      5          0        ?
30      0.05                  5                      0          0        ?
31      0.05                  5                      1          0        ?
32      0.05                  5                      2          0        ?
33      0.05                  5                      3          0        ?
34      0.05                  5                      4          0        ?
35      0.05                  5                      5          0        ?
36      0.07                  0                      0        193     Wait
37      0.07                  0                      1          0        ?
38      0.07                  0                      2          0        ?
39      0.07                  0                      3          0        ?
40      0.07                  0                      4          0        ?
41      0.07                  0                      5          0        ?
42      0.07                  1                      0       1115  Deliver
43      0.07                  1                      1          0        ?
44      0.07                  1                      2          0        ?
45      0.07                  1                      3          0        ?
46      0.07                  1                      4          0        ?
47      0.07                  1                      5          0        ?
48      0.07                  2                      0          5  Deliver
49      0.07                  2                      1          0        ?
50      0.07                  2                      2          0        ?
51      0.07                  2                      3          0        ?
52      0.07                  2                      4          0        ?
53      0.07                  2                      5          0        ?
54      0.07                  3                      0          0        ?
55      0.07                  3                      1          0        ?
56      0.07                  3                      2          0        ?
57      0.07                  3                      3          0        ?
58      0.07                  3                      4          0        ?
59      0.07                  3                      5          0        ?
60      0.07                  4                      0          0        ?
61      0.07                  4                      1          0        ?
62      0.07                  4                      2          0        ?
63      0.07                  4                      3          0        ?
64      0.07                  4                      4          0        ?
65      0.07                  4                      5          0        ?
66      0.07                  5                      0          0        ?
67      0.07                  5                      1          0        ?
68      0.07                  5                      2          0        ?
69      0.07                  5                      3          0        ?
70      0.07                  5                      4          0        ?
71      0.07                  5                      5          0        ?
72      0.09                  0                      0        215     Wait
73      0.09                  0                      1          0        ?
74      0.09                  0                      2          0        ?
75      0.09                  0                      3          0        ?
76      0.09                  0                      4          0        ?
77      0.09                  0                      5          0        ?
78      0.09                  1                      0        182  Deliver
79      0.09                  1                      1          0        ?
80      0.09                  1                      2          0        ?
81      0.09                  1                      3          0        ?
82      0.09                  1                      4          0        ?
83      0.09                  1                      5          0        ?
84      0.09                  2                      0          1  Deliver
85      0.09                  2                      1          0        ?
86      0.09                  2                      2          0        ?
87      0.09                  2                      3          0        ?
88      0.09                  2                      4          0        ?
89      0.09                  2                      5          0        ?
90      0.09                  3                      0          0        ?
91      0.09                  3                      1          0        ?
92      0.09                  3                      2          0        ?
93      0.09                  3                      3          0        ?
94      0.09                  3                      4          0        ?
95      0.09                  3                      5          0        ?
96      0.09                  4                      0          0        ?
97      0.09                  4                      1          0        ?
98      0.09                  4                      2          0        ?
99      0.09                  4                      3          0        ?
100     0.09                  4                      4          0        ?
101     0.09                  4                      5          0        ?
102     0.09                  5                      0          0        ?
103     0.09                  5                      1          0        ?
104     0.09                  5                      2          0        ?
105     0.09                  5                      3          0        ?
106     0.09                  5                      4          0        ?
107     0.09                  5                      5          0        ?
108     0.11                  0                      0        235     Wait
109     0.11                  0                      1          0        ?
110     0.11                  0                      2          0        ?
111     0.11                  0                      3          0        ?
112     0.11                  0                      4          0        ?
113     0.11                  0                      5          0        ?
114     0.11                  1                      0        105     Wait
115     0.11                  1                      1          0        ?
116     0.11                  1                      2          0        ?
117     0.11                  1                      3          0        ?
118     0.11                  1                      4          0        ?
119     0.11                  1                      5          0        ?
120     0.11                  2                      0          0        ?
121     0.11                  2                      1          0        ?
122     0.11                  2                      2          0        ?
123     0.11                  2                      3          0        ?
124     0.11                  2                      4          0        ?
125     0.11                  2                      5          0        ?
126     0.11                  3                      0          0        ?
127     0.11                  3                      1          0        ?
128     0.11                  3                      2          0        ?
129     0.11                  3                      3          0        ?
130     0.11                  3                      4          0        ?
131     0.11                  3                      5          0        ?
132     0.11                  4                      0          0        ?
133     0.11                  4                      1          0        ?
134     0.11                  4                      2          0        ?
135     0.11                  4                      3          0        ?
136     0.11                  4                      4          0        ?
137     0.11                  4                      5          0        ?
138     0.11                  5                      0          0        ?
139     0.11                  5                      1          0        ?
140     0.11                  5                      2          0        ?
141     0.11                  5                      3          0        ?
142     0.11                  5                      4          0        ?
143     0.11                  5                      5          0        ?
144     0.13                  0                      0        260     Wait
145     0.13                  0                      1          0        ?
146     0.13                  0                      2          0        ?
147     0.13                  0                      3          0        ?
148     0.13                  0                      4          0        ?
149     0.13                  0                      5          0        ?
150     0.13                  1                      0        115     Wait
151     0.13                  1                      1          0        ?
152     0.13                  1                      2          0        ?
153     0.13                  1                      3          0        ?
154     0.13                  1                      4          0        ?
155     0.13                  1                      5          0        ?
156     0.13                  2                      0          0        ?
157     0.13                  2                      1          0        ?
158     0.13                  2                      2          0        ?
159     0.13                  2                      3          0        ?
160     0.13                  2                      4          0        ?
161     0.13                  2                      5          0        ?
162     0.13                  3                      0          0        ?
163     0.13                  3                      1          0        ?
164     0.13                  3                      2          0        ?
165     0.13                  3                      3          0        ?
166     0.13                  3                      4          0        ?
167     0.13                  3                      5          0        ?
168     0.13                  4                      0          0        ?
169     0.13                  4                      1          0        ?
170     0.13                  4                      2          0        ?
171     0.13                  4                      3          0        ?
172     0.13                  4                      4          0        ?
173     0.13                  4                      5          0        ?
174     0.13                  5                      0          0        ?
175     0.13                  5                      1          0        ?
176     0.13                  5                      2          0        ?
177     0.13                  5                      3          0        ?
178     0.13                  5                      4          0        ?
179     0.13                  5                      5          0        ?
180     0.15                  0                      0        304     Wait
181     0.15                  0                      1          0        ?
182     0.15                  0                      2          0        ?
183     0.15                  0                      3          0        ?
184     0.15                  0                      4          0        ?
185     0.15                  0                      5          0        ?
186     0.15                  1                      0        121     Wait
187     0.15                  1                      1          0        ?
188     0.15                  1                      2          0        ?
189     0.15                  1                      3          0        ?
190     0.15                  1                      4          0        ?
191     0.15                  1                      5          0        ?
192     0.15                  2                      0          0        ?
193     0.15                  2                      1          0        ?
194     0.15                  2                      2          0        ?
195     0.15                  2                      3          0        ?
196     0.15                  2                      4          0        ?
197     0.15                  2                      5          0        ?
198     0.15                  3                      0          0        ?
199     0.15                  3                      1          0        ?
200     0.15                  3                      2          0        ?
201     0.15                  3                      3          0        ?
202     0.15                  3                      4          0        ?
203     0.15                  3                      5          0        ?
204     0.15                  4                      0          0        ?
205     0.15                  4                      1          0        ?
206     0.15                  4                      2          0        ?
207     0.15                  4                      3          0        ?
208     0.15                  4                      4          0        ?
209     0.15                  4                      5          0        ?
210     0.15                  5                      0          0        ?
211     0.15                  5                      1          0        ?
212     0.15                  5                      2          0        ?
213     0.15                  5                      3          0        ?
214     0.15                  5                      4          0        ?
215     0.15                  5                      5          0        ?
216     0.17                  0                      0          0        ?
217     0.17                  0                      1          0        ?
218     0.17                  0                      2          0        ?
219     0.17                  0                      3          0        ?
220     0.17                  0                      4          0        ?
221     0.17                  0                      5          0        ?
222     0.17                  1                      0         58  Deliver
223     0.17                  1                      1          0        ?
224     0.17                  1                      2          0        ?
225     0.17                  1                      3          0        ?
226     0.17                  1                      4          0        ?
227     0.17                  1                      5          0        ?
228     0.17                  2                      0          0        ?
229     0.17                  2                      1          0        ?
230     0.17                  2                      2          0        ?
231     0.17                  2                      3          0        ?
232     0.17                  2                      4          0        ?
233     0.17                  2                      5          0        ?
234     0.17                  3                      0          0        ?
235     0.17                  3                      1          0        ?
236     0.17                  3                      2          0        ?
237     0.17                  3                      3          0        ?
238     0.17                  3                      4          0        ?
239     0.17                  3                      5          0        ?
240     0.17                  4                      0          0        ?
241     0.17                  4                      1          0        ?
242     0.17                  4                      2          0        ?
243     0.17                  4                      3          0        ?
244     0.17                  4                      4          0        ?
245     0.17                  4                      5          0        ?
246     0.17                  5                      0          0        ?
247     0.17                  5                      1          0        ?
248     0.17                  5                      2          0        ?
249     0.17                  5                      3          0        ?
250     0.17                  5                      4          0        ?
251     0.17                  5                      5          0        ?
252     0.19                  0                      0          0        ?
253     0.19                  0                      1          0        ?
254     0.19                  0                      2          0        ?
255     0.19                  0                      3          0        ?
256     0.19                  0                      4          0        ?
257     0.19                  0                      5          0        ?
258     0.19                  1                      0          9     Wait
259     0.19                  1                      1          0        ?
260     0.19                  1                      2          0        ?
261     0.19                  1                      3          0        ?
262     0.19                  1                      4          0        ?
263     0.19                  1                      5          0        ?
264     0.19                  2                      0          0        ?
265     0.19                  2                      1          0        ?
266     0.19                  2                      2          0        ?
267     0.19                  2                      3          0        ?
268     0.19                  2                      4          0        ?
269     0.19                  2                      5          0        ?
270     0.19                  3                      0          0        ?
271     0.19                  3                      1          0        ?
272     0.19                  3                      2          0        ?
273     0.19                  3                      3          0        ?
274     0.19                  3                      4          0        ?
275     0.19                  3                      5          0        ?
276     0.19                  4                      0          0        ?
277     0.19                  4                      1          0        ?
278     0.19                  4                      2          0        ?
279     0.19                  4                      3          0        ?
280     0.19                  4                      4          0        ?
281     0.19                  4                      5          0        ?
282     0.19                  5                      0          0        ?
283     0.19                  5                      1          0        ?
284     0.19                  5                      2          0        ?
285     0.19                  5                      3          0        ?
286     0.19                  5                      4          0        ?
287     0.19                  5                      5          0        ?
288     0.21                  0                      0          0        ?
289     0.21                  0                      1          0        ?
290     0.21                  0                      2          0        ?
291     0.21                  0                      3          0        ?
292     0.21                  0                      4          0        ?
293     0.21                  0                      5          0        ?
294     0.21                  1                      0          0        ?
295     0.21                  1                      1          0        ?
296     0.21                  1                      2          0        ?
297     0.21                  1                      3          0        ?
298     0.21                  1                      4          0        ?
299     0.21                  1                      5          0        ?
300     0.21                  2                      0          0        ?
301     0.21                  2                      1          0        ?
302     0.21                  2                      2          0        ?
303     0.21                  2                      3          0        ?
304     0.21                  2                      4          0        ?
305     0.21                  2                      5          0        ?
306     0.21                  3                      0          0        ?
307     0.21                  3                      1          0        ?
308     0.21                  3                      2          0        ?
309     0.21                  3                      3          0        ?
310     0.21                  3                      4          0        ?
311     0.21                  3                      5          0        ?
312     0.21                  4                      0          0        ?
313     0.21                  4                      1          0        ?
314     0.21                  4                      2          0        ?
315     0.21                  4                      3          0        ?
316     0.21                  4                      4          0        ?
317     0.21                  4                      5          0        ?
318     0.21                  5                      0          0        ?
319     0.21                  5                      1          0        ?
320     0.21                  5                      2          0        ?
321     0.21                  5                      3          0        ?
322     0.21                  5                      4          0        ?
323     0.21                  5                      5          0        ?
324     0.23                  0                      0          0        ?
325     0.23                  0                      1          0        ?
326     0.23                  0                      2          0        ?
327     0.23                  0                      3          0        ?
328     0.23                  0                      4          0        ?
329     0.23                  0                      5          0        ?
330     0.23                  1                      0          0        ?
331     0.23                  1                      1          0        ?
332     0.23                  1                      2          0        ?
333     0.23                  1                      3          0        ?
334     0.23                  1                      4          0        ?
335     0.23                  1                      5          0        ?
336     0.23                  2                      0          0        ?
337     0.23                  2                      1          0        ?
338     0.23                  2                      2          0        ?
339     0.23                  2                      3          0        ?
340     0.23                  2                      4          0        ?
341     0.23                  2                      5          0        ?
342     0.23                  3                      0          0        ?
343     0.23                  3                      1          0        ?
344     0.23                  3                      2          0        ?
345     0.23                  3                      3          0        ?
346     0.23                  3                      4          0        ?
347     0.23                  3                      5          0        ?
348     0.23                  4                      0          0        ?
349     0.23                  4                      1          0        ?
350     0.23                  4                      2          0        ?
351     0.23                  4                      3          0        ?
352     0.23                  4                      4          0        ?
353     0.23                  4                      5          0        ?
354     0.23                  5                      0          0        ?
355     0.23                  5                      1          0        ?
356     0.23                  5                      2          0        ?
357     0.23                  5                      3          0        ?
358     0.23                  5                      4          0        ?
359     0.23                  5                      5          0        ?
360     0.25                  0                      0          0        ?
361     0.25                  0                      1          0        ?
362     0.25                  0                      2          0        ?
363     0.25                  0                      3          0        ?
364     0.25                  0                      4          0        ?
365     0.25                  0                      5          0        ?
366     0.25                  1                      0          0        ?
367     0.25                  1                      1          0        ?
368     0.25                  1                      2          0        ?
369     0.25                  1                      3          0        ?
370     0.25                  1                      4          0        ?
371     0.25                  1                      5          0        ?
372     0.25                  2                      0          0        ?
373     0.25                  2                      1          0        ?
374     0.25                  2                      2          0        ?
375     0.25                  2                      3          0        ?
376     0.25                  2                      4          0        ?
377     0.25                  2                      5          0        ?
378     0.25                  3                      0          0        ?
379     0.25                  3                      1          0        ?
380     0.25                  3                      2          0        ?
381     0.25                  3                      3          0        ?
382     0.25                  3                      4          0        ?
383     0.25                  3                      5          0        ?
384     0.25                  4                      0          0        ?
385     0.25                  4                      1          0        ?
386     0.25                  4                      2          0        ?
387     0.25                  4                      3          0        ?
388     0.25                  4                      4          0        ?
389     0.25                  4                      5          0        ?
390     0.25                  5                      0          0        ?
391     0.25                  5                      1          0        ?
392     0.25                  5                      2          0        ?
393     0.25                  5                      3          0        ?
394     0.25                  5                      4          0        ?
395     0.25                  5                      5          0        ?
-------------------------------------------
Average Reward:
1059.854